[OBJECTS]
0	0	100	400
12	12001	0	185
1	1005	400	400
80	8001	0	170	468	20
90	14	468	370	1	11	1
90	15	850	404	2	-11	-1
80	8002	840	197	298	20
1	1001	1025	300
90	26	1138	397	1	4.4	1
1	1002	1160	260	26
1	1003	1200	300	26
1	1004	1250	300	26	
90	27	1480	474	2	-4.4	-1
80	8003	1502	274	96	20
1	1005	1550	350
1	1006	1570	350
1	1007	1580	350
1	1008	1580	350
90	32	1598	474	2	1.32	-1
90	33	1730	375	1	-1.32	1
80	8004	1762	175	128	20
100	38	1890	205
80	8005	1890	237	256	20
1	1009	1900	350
1	1010	1930	350
1	1011	1940	350
1	1012	1980	350
1	1013	2000	350
100	47	2114	205
80	8006	2146	173	448	20
60	94	3382	166	32	35	3
90	62	2594	373	1	19.77	1
90	63	2930	390	2	-19.77	-1
100	64	2962	187
100	65	2994	187
100	66	3026	187
100	67	3061	187
100	68	3093	187
100	69	3125	187
100	70	3157	187
80	71	3025	265	85	5
100	72	3085	297
80	73	3085	317	190	20
100	74	3165	349
100	75	3165	387
90	76	3197	590	1	7.6	-1
2	2001	3450	550
2	2002	3600	550
2	2003	3750	540
2	2004	3700	540
1	1014	3500	435	76
1	1015	3650	500	76
1	1016	3700	500	76
1	1017	3950	500	76
1	1018	4000	500	76
1	1019	4150	520	76
1	1020	4250	520	76
1	1021	4400	430	76
70	90	3210	585	16	200	585
91	9101	3634	400	218	20
91	9102	4125	337	222	20
90	84	4580	408	2	-7.6	1
80	85	4610	204	608	20
2	2005	4600	450
2	2006	4685	460
2	2007	4690	500
2	2008	4700	440
1	1022	4620	320
1	1023	4635	320
1	1024	5100	330
1	1025	5120	330
1	1026	5200	340
90	86	5220	406	1	3.3	1
1	1027	5300	400	86
90	87	5415	465	2	-3.3	-1
70	91	5385	465	16	200	485
90	88	5550	500	1	3	1
90	89	5910	620	2	-3	-1
70	92	5550	500	16	200	595
60	93	5965	520	32	100	2
[MAP]
mission1_scene01.png	255	255	255