[OBJECTS]
0	01	100	250
1	1001	800	250
1	1002	850	250
1	1003	865	250
1	1004	1000	250
1	1005	1600	250
1	1006	1900	400
1	1007	1950	400
1	1008	2330	250
1	1009	2360	400
1	1010	2450	500
1	1011	2600	250
1	1012	2630	250
1	1013	2850	400
1	1014	3050	250
1	1015	3090	250
1	1016	3150	250
1	1017	3300	400
1	1018	3320	400
1	1019	3400	500
1	1020	3500	500
1	1021	3750	400
1	1022	3650	500
1	1023	3600	500
1	1024	4300	250
1	1025	4350	250
1	1026	4380	250
1	1027	4400	250
14	14001	3700	450
80	8001	0	130	4990	20
91	9101	1896	255	258	20
91	9102	2332	253	128	20
91	9103	2458	378	130	20
91	9104	2721	382	146	20
91	9105	2868	252	105	20
91	9106	3261	253	127	20
91	9107	3389	377	125	20
91	9108	3516	253	86	20
91	9109	3604	377	124	20
91	9110	3737	249	104	20
[MAP]
mission1_scene02.png	255	255	255